957
1255
249
2277
1495
816
306
312
768
722
1705
2217
173
2513
2489
2288
2248
141
2834
2488
953
264
1318
2050
2208
2050
804
1867
792
2547
170
2741
2447
572
2040
799
1875
538
2160
2386
2287
488
945
1161
466
1920
130
2027
2840
1037
1883
265
914
1512
1024
422
321
373
2183
248
1224
2490
448
746
2471
2468
348
1867
356
677
6
1567
1236
2262
1303
599
1759
1772
742
591
1025
850
155
1917
1260
1827
1644
2489
211
1467
1481
157
1482
1977
746
2394
313
2027
489
52
583
2398
706
492
1955
559
511
1512
2766
1115
1383
704
708
1400
398
536
610
950
2312
2381
9
1902
2639
1894
2240
1677
773
2617
2144
1076
1051
2894
2424
2512
1351
1252
1305
1249
1188
2198
468
2121
1756
1202
544
658
1200
438
1287
1292
1752
2495
400
1787
2581
2431
1151
505
1156
1290
2896
125
1102
2629
1876
2495
2994
1292
1482
646
2612
2607
1430
2137
2222
2744
487
1678
1828
2787
1369
2754
2582
2946
859
2718
2159
1564
748
2522
2659
1562
2023
1008
229
2398
1765
2904
109
1368
2265
1124
2121
534
558
303
915
927
2989
1239
520
260
443
851
1512
1075
463
2267
2129
218
2033
2307
2798
1677
1630
2427
1477
1291
2024
846
1030
1915
715
1645
2288
1239
1410
376
1022
2082
2111
2184
334
2979
2665
1923
2649
790
2888
2661
1262
579
900
1048
2034
566
915
1936
1282
2994
226
742
1353
722
115
2758
372
1990
748
2711
43
902
2912
14
2458
1678
1415
2487
278
2310
33
314
307
165
583
222
121
1714
1378
365
2600
558
629
419
312
545
1493
1331
2595
2023
186
