56
2312
1128
86
2959
2124
1660
1874
178
836
2827
1719
1384
1549
683
1563
2288
268
783
998
2381
1133
1147
417
84
1559
1729
2701
2660
1879
1869
425
2625
888
2169
603
493
2325
278
2231
356
1997
1848
2965
1866
2021
1820
1973
2507
731
1480
2533
1182
2998
943
1571
2959
747
2424
295
0
1019
1971
1336
1091
2968
2783
606
438
558
1426
1639
2620
718
966
51
2292
2173
2181
794
2816
84
1169
1398
2669
553
393
2979
2081
1282
1340
2458
1582
410
1131
2485
2929
1747
2767
1093
447
995
1223
1383
1917
2484
1147
1461
1355
2963
2634
1656
2156
2107
980
507
1444
1250
901
1947
239
624
959
2491
2538
815
1850
213
1168
342
1491
2498
11
792
2854
1809
621
1778
929
254
841
722
1287
2306
2707
1179
1798
497
2753
492
1758
1145
1829
2568
1790
2582
2400
1712
916
2890
1164
1917
1424
2986
446
1874
878
436
2638
2837
1862
348
2684
1926
978
1221
2281
1552
1331
972
399
2909
2928
2809
1990
1527
213
15
2252
1376
2260
1883
1776
2202
554
1833
2972
2203
2880
1177
628
137
228
1345
791
355
364
2668
505
2576
647
944
2098
952
112
917
519
384
1143
489
2411
51
1502
1761
1009
1532
2317
2082
841
1113
1874
2222
2004
2961
392
1745
670
1541
723
2051
1312
876
2886
48
590
649
1041
2755
2603
2471
2618
2265
975
1429
2878
1234
1219
1797
669
2594
969
2638
535
677
386
649
495
2002
1373
792
586
598
1681
314
1324
881
664
1332
1407
974
2504
954
2601
1587
854
1674
617
161
2081
2625
1365
661
1137
447
2580
1973
2434
1222
467
1246
2937
1096
2374
1738
1225
246
2500
2055
1642
1517
1263
450
1352
1442
1007
2635
547
2183
1531
338
2312
301
387
2719
411
2777
2692
863
1895
2035
1825
1979
1900
2417
690
2930
676
2683
1460
1022
1010
1112
997
1996
2783
1614
2954
941
2922
2998
759
426
611
381
1569
980
2901
1366
1828
1601
214
1870
469
2427
508
872
443
962
213
1638
518
2266
2051
129
1411
455
1562
1055
812
444
2992
1964
137
179
768
2700
733
1751
2842
348
1127
878
1874
1344
1626
1290
2044
1127
388
2758
2569
2307
976
2614
2721
612
344
359
517
1468
2306
2957
1975
1181
2661
2348
1169
1303
1609
2382
606
429
2497
594
1249
2767
270
2494
1312
1259
497
2523
1692
732
2356
623
1072
477
2901
616
172
207
2304
1972
717
2253
872
2702
122
2297
26
1003
1989
847
1567
1922
308
959
2380
1097
1324
1256
2991
2876
2297
2312
2295
913
2036
2032
0
2223
802
660
1002
2877
1204
728
446
2439
1456
2462
949
970
420
2501
1956
1657
178
2803
1271
976
1652
738
1361
918
93
1129
2365
2856
1746
2185
2005
1431
1020
968
2508
1811
1218
1443
2594
770
1351
771
1492
2385
2613
98
2340
1643
1677
1944
772
1663
1693
198
2243
99
316
2187
1490
2047
2341
1036
2718
2757
2949
1854
2114
988
1490
2000
672
883
2267
2788
76
842
2926
4
228
188
2
2689
2464
2842
482
2414
2986
81
809
67
2186
1723
2016
2734
1481
1555
2818
763
2672
1186
1753
2804
1061
334
2807
980
848
802
1322
2390
304
2721
1268
467
229
2524
1366
263
826
2875
1417
125
1561
1480
2321
1729
434
2159
2791
1035
954
1938
1889
932
2492
2568
1456
1024
2430
877
1629
628
1371
861
1616
545
1000
362
1751
2110
1533
2438
1752
172
435
1066
2172
2410
2012
100
1679
2977
2411
2367
272
1906
1593
516
1473
1964
2041
2047
1003
2505
2497
548
1402
2136
221
1512
232
1773
10
437
385
756
2515
701
1691
2597
2611
247
2135
1866
2033
1422
904
2964
289
2327
2311
658
2652
2611
257
1107
2590
2699
1022
2931
1320
2706
1158
2490
2010
2284
1473
2402
639
2708
195
1599
1300
2914
1315
2065
1542
524
1863
2516
1119
763
1022
1089
61
1071
465
2445
2415
2581
1455
2375
325
1452
2691
1687
339
1935
2340
1618
2121
2804
465
2130
1698
299
1191
1906
1695
2083
2616
1752
360
438
1353
1355
2798
1445
145
1347
208
646
1625
1199
2304
681
1373
626
1528
2194
1549
863
2343
2089
2920
2204
1738
1942
1278
339
2513
2663
215
1898
1359
1588
2838
2828
2501
409
932
1225
2084
138
314
400
300
1766
2758
629
1166
658
1697
1766
811
63
1508
1527
1647
285
2900
1149
1366
902
2961
512
2377
1991
2694
2649
1820
2281
958
2731
2767
1526
2276
2998
1279
2151
556
1590
176
1642
2876
2930
570
753
2665
520
2278
2846
2039
847
2707
1306
1880
1076
2696
957
1008
2022
200
1871
1675
125
150
989
876
420
2379
2888
322
1879
2395
1511
209
2008
1904
1276
987
788
2249
772
2897
1466
2540
2984
442
796
2835
2561
550
2614
2789
1376
2895
531
2948
1619
1797
1910
2182
1900
1765
1254
1042
1580
2229
939
2161
44
918
1373
975
492
462
1037
940
1548
2618
2123
780
2967
173
1293
2919
248
1223
961
2837
1325
2268
729
1818
1040
15
38
1546
237
747
2048
2041
2221
799
2305
1017
1976
548
2617
265
1186
1644
1588
2103
2396
1720
1728
962
395
2293
2875
2854
1206
1845
1025
500
2928
46
1298
261
1174
737
1842
1244
1067
688
923
981
1982
1597
109
2110
1613
1076
1485
680
1891
2932
675
2569
421
1815
2509
1810
2466
635
1793
1008
584
2756
840
434
2779
1352
894
933
1529
439
70
2215
1257
2493
467
2310
306
1598
2033
636
2680
1037
665
882
433
8
739
1270
669
1915
398
1666
1492
1911
2595
2570
2217
2911
312
1914
1020
359
1328
1618
726
730
1503
47
2797
2662
2099
614
1080
1574
199
2360
2244
1604
2305
1005
1716
1832
2755
206
863
394
1535
2947
2739
656
883
270
256
956
2500
1098
584
1926
2926
1819
954
1289
1057
203
837
316
984
1806
898
191
2091
1659
2162
1320
1557
360
1518
1313
984
2177
1798
592
2571
420
2169
2979
269
1892
1243
1357
836
1047
2733
1106
2302
2574
1597
2363
809
498
182
1766
2246
1373
1131
2629
159
876
781
2721
633
1255
1796
402
2797
585
2234
702
113
2827
1907
837
292
1600
1505
2141
2390
1684
2508
1982
445
2798
62
1739
2060
1543
236
1779
1678
2781
880
1588
1832
433
1123
916
1437
2721
1113
939
491
2691
461
1656
1098
1608
563
2798
357
2576
1540
1034
1665
455
2964
2932
2802
1427
1015
1632
877
2425
122
696
2112
1108
47
639
2830
2105
224
1757
2831
2825
1748
2178
955
1252
143
1993
2895
1006
2547
2435
584
1217
117
1652
1197
2783
1331
222
25
1538
873
2015
1341
2587
1370
2674
860
851
580
624
552
1480
2996
2736
1827
1015
2736
2530
2952
1467
2492
908
1583
1016
2148
479
1207
1215
2161
2369
1597
2542
247
879
2579
2226
2658
1879
2877
380
2736
2504
1828
1277
2450
2286
1381
447
1756
2470
764
530
1420
2962
793
992
143
1657
2821
2382
1527
2846
2190
1631
73
2827
1278
686
682
2403
498
2295
466
729
142
667
2624
1832
2830
967
653
607
791
296
1429
1968
219
197
2200
2134
492
392
2704
577
688
1698
2050
1888
1114
1722
1918
649
2209
898
956
527
1714
607
940
1217
1177
715
2336
723
437
752
2966
1524
2721
1042
100
99
2166
290
1264
2046
1822
2923
1344
1296
2107
2987
1139
1438
838
184
2563
679
2652
2476
2682
1078
1827
1742
281
813
26
2646
1240
2744
1278
469
1583
1738
89
1671
707
1920
1508
2606
669
945
205
1660
124
1182
1764
68
2794
1420
2152
1798
2460
642
2359
1302
2755
681
1914
919
2728
1192
1878
209
2621
2625
135
1675
1270
1052
927
895
406
2917
437
1850
1341
1604
480
1788
2311
474
722
1434
1416
2987
2594
2885
2980
1052
2265
2238
155
1209
2926
1377
2361
2675
1510
67
1436
2045
99
2362
1966
162
2005
2064
803
549
2174
186
2988
2797
566
2403
2442
2010
2191
1488
398
1968
1443
2208
2844
2463
1922
2610
416
1900
736
1619
1401
32
1131
346
1131
731
1546
2266
553
2205
2848
644
1110
281
1936
1829
1268
1238
2891
1499
1942
2435
533
1328
856
550
2773
9
2414
1865
11
822
1410
1481
2612
909
2231
2677
2552
2837
723
1767
637
2596
921
282
1644
629
2172
1969
2865
2810
1352
1623
1121
2514
545
1113
1676
2808
2951
636
1553
2200
2394
1156
1209
1325
2527
2218
1843
524
997
649
943
1879
1601
2757
1838
2967
229
1736
2782
2273
1839
2394
2508
1835
613
181
1514
196
1863
2963
2448
2469
613
516
822
64
967
2343
2504
1707
348
1756
778
2537
2305
2404
2755
1638
1795
406
2742
2716
216
847
1290
1398
2520
1149
588
1225
729
664
707
2666
2231
862
353
1544
267
497
1217
727
1586
743
1875
694
39
109
1861
1446
1115
520
2276
1487
1847
1299
200
2920
1980
2390
325
275
2514
177
1821
995
2965
1917
1203
1914
2470
1051
123
916
1670
27
342
2778
2421
2347
89
1339
2744
290
1628
1557
2880
2304
2728
164
2295
324
2690
1133
86
1441
1612
1346
1426
2862
2755
2243
493
2809
1723
2116
41
255
502
1328
103
1650
2811
1298
2398
2352
2227
2508
1007
2444
1120
1639
2756
2835
446
2997
1761
1701
2899
2726
1003
1749
443
2205
556
1943
595
1094
1729
413
1223
694
1027
967
2848
2575
25
181
2605
1015
1743
2929
2570
1868
72
2374
1766
958
1598
2703
1598
1696
1506
2829
2879
1780
1063
2073
2113
1467
2145
2738
2374
1366
1915
388
1274
741
246
2150
1805
1033
477
2437
2724
2343
1741
2
2341
2411
498
996
1345
2902
1581
1100
44
1614
1850
260
2135
2665
1029
1578
1231
2262
76
2887
2854
2792
720
2358
536
319
965
2707
208
2573
929
58
488
786
1161
2441
1248
2388
1119
515
2221
1326
48
1306
1291
348
1986
1208
1605
120
2442
234
1977
188
531
2698
2217
405
427
367
820
1457
1047
883
1755
2061
199
2705
1758
2804
2085
777
2487
1080
446
1977
2479
254
1995
681
1813
2074
449
523
1621
2286
2500
1454
2957
856
2978
822
802
2999
2540
113
521
145
2112
2736
1841
1069
1753
1728
2870
2863
1688
2652
2369
2582
36
1793
290
2870
2860
1645
2016
2778
1454
2965
999
386
2648
1770
1424
756
915
615
2806
2042
2007
458
1036
496
249
2972
1837
377
1562
175
171
1373
985
1195
529
1209
545
357
436
2819
2597
348
2172
2207
1799
1441
0
1027
792
1522
2071
636
2537
1203
579
2795
2608
2219
2920
1816
719
1270
2003
1737
2271
2644
2253
2959
2082
2893
1991
501
965
2223
2623
1533
2492
806
752
617
1143
1030
464
2563
1338
2608
2530
2130
2139
1727
372
2433
1836
558
524
2486
1745
2263
547
2612
83
946
603
325
2795
385
557
1823
66
1397
2627
1393
437
350
2820
1587
1926
3
1790
504
845
1484
2029
2529
2262
1545
1513
654
2075
1002
1590
2971
2882
2825
1518
2070
922
1599
2553
1913
1199
1514
1844
1472
141
2656
2463
1584
1096
1218
2233
2105
906
656
2190
1682
454
997
2432
280
1594
2639
459
546
1337
157
58
2596
2334
1037
1536
54
2885
2849
521
609
1131
2781
1351
213
1542
816
328
1618
1278
2181
1596
1009
859
205
1860
165
2833
2634
238
356
1718
1426
2429
1764
1980
2726
1381
596
2249
518
1085
936
587
1556
661
1904
1154
265
1871
1254
2238
407
1954
546
1511
821
1513
907
292
2048
1138
852
1995
2108
2082
985
262
351
2765
2645
279
86
756
2130
2962
2775
1552
339
657
1321
2666
753
1453
2044
437
1288
895
593
2419
2206
7
133
2691
2960
1212
640
1108
64
2978
2060
1412
894
34
2292
2354
2330
2491
2154
2833
2276
982
157
1805
584
2943
862
912
1673
1127
477
389
1785
1759
1237
2430
2114
2215
1280
2385
1852
1572
2384
525
1427
2671
2068
1706
564
1314
1987
1927
2493
103
1999
2357
1742
2921
537
2552
992
923
374
2301
1896
1615
1067
1103
887
2262
2810
332
2841
1310
1704
1917
985
923
1850
1962
1389
1788
1548
1387
1315
70
2461
2652
2528
1926
1298
2528
1488
2175
1462
2302
1896
2819
2635
841
2851
486
2528
1353
388
134
175
1431
801
407
2994
1333
2497
868
1545
1060
802
2920
138
1111
921
378
2245
269
2223
1734
1571
900
884
2367
2211
529
1970
995
2328
1964
705
424
1611
2599
666
810
2136
2095
1315
1926
2151
1100
86
2320
1842
1707
806
833
2238
1674
1303
2621
2808
1979
176
2688
1229
1050
2456
2281
773
1008
946
2846
2414
354
1255
1351
785
428
983
2343
2554
1215
1507
1140
2457
2978
1922
1064
1992
2132
2253
1624
2153
2919
1897
433
2878
1736
985
643
2604
1323
1366
2070
876
972
1868
361
1135
2456
2489
1529
1486
2650
1949
2350
1372
1097
17
2322
1024
1791
2453
1434
1018
2716
2642
1599
2865
177
265
198
839
1024
390
2147
1770
608
612
2749
1008
2775
2550
970
2638
216
2032
963
941
2597
2488
1891
1114
2278
884
937
248
2318
1968
2996
507
1742
300
734
2772
707
2808
1281
1060
1643
2173
2327
2895
2941
2522
1214
1111
2126
503
655
586
328
218
1527
2841
2845
475
1751
845
369
2598
1110
1184
14
2669
1855
853
1512
1543
1045
854
1040
2433
1490
1296
1279
112
415
1213
1224
1728
1606
1341
904
443
2315
698
1793
2065
505
2143
2001
1809
1545
635
2386
2026
2436
2304
2691
2888
850
419
2924
798
1723
408
1815
1492
779
123
1201
2725
2787
1620
551
280
394
584
1022
1417
1603
753
2907
2236
2207
2810
1169
2253
2091
432
264
1310
2052
2960
338
2086
2847
1801
2482
842
1717
2022
2846
1419
1763
75
2211
277
2824
32
1567
2031
720
2143
937
803
902
310
2397
83
222
1490
363
2678
2071
1640
295
2350
2568
753
2796
943
1794
1969
994
1031
2050
1500
2046
1164
730
182
1560
1542
2205
2109
2040
2371
489
398
122
2192
1682
1200
665
1819
2736
960
1767
618
18
1618
2985
2975
2740
1122
977
1619
524
2308
790
395
1747
430
1231
2740
1742
2575
1132
1615
1748
2476
493
233
1498
1807
1156
721
698
252
1077
38
1875
2506
2118
829
1961
1770
777
1180
741
2688
1614
2934
1415
2051
1861
819
623
1530
546
923
1036
652
2953
864
2132
1036
105
1197
2130
2120
2477
1062
885
588
733
741
2996
1592
2203
2246
1712
1683
1073
424
2562
1738
1721
2833
452
1936
1468
2708
2476
620
163
2257
986
402
2956
426
618
2239
1772
86
2333
1469
2491
972
1938
2310
1718
2981
1482
2904
2229
2909
465
998
2908
800
176
2543
2607
1014
536
2310
2111
10
2153
1477
1073
1893
864
2510
2126
73
1727
839
1605
1749
806
457
2347
2077
2975
870
357
1690
2591
2284
2805
661
1777
1666
2200
667
68
1982
408
2174
2821
2817
2061
89
2575
2920
622
877
14
2136
1581
2076
1116
828
1705
1905
2179
1262
909
970
1233
688
2437
1172
1873
2461
2833
82
2861
1570
370
2937
2337
898
2394
1794
700
706
2416
2060
1616
2946
2288
1398
56
756
1106
2175
2601
1525
881
50
1721
2437
171
2361
2580
1173
2672
4
1654
2323
2987
1590
571
2645
165
1701
2321
336
1417
252
1983
2603
2795
126
2319
2893
1026
673
230
440
836
2661
533
1184
2297
280
1752
1572
959
807
2427
2552
2780
443
1461
332
1139
1501
780
973
1781
407
496
2526
2880
2377
1188
51
1774
1277
1838
1913
116
2087
2568
501
2723
1948
703
1432
2292
2599
2801
1715
2283
2146
756
1845
1382
2911
1217
766
1527
2362
775
1271
397
1866
1763
17
2849
2397
2661
2406
1516
133
1727
887
1086
2795
2086
75
745
1646
299
313
36
2544
1867
1419
2395
1974
1042
839
564
2721
2807
2107
1045
366
17
2316
1352
2046
71
2738
208
2578
1900
860
2142
1032
1081
1075
716
2331
837
2430
1026
937
2336
1866
871
1598
2261
531
2239
2904
829
812
11
1376
1872
647
191
2932
159
1417
316
2779
725
493
286
1006
252
2859
1559
1927
1315
2421
1362
1289
821
2158
2652
500
1645
2751
1357
2531
1093
1544
1085
1596
2710
2919
2097
1875
2778
2648
2492
2459
1045
1049
410
731
1314
336
2352
2048
2434
203
2087
132
463
1380
1624
363
407
2631
2609
1798
203
2514
2501
319
1767
2664
922
2903
2084
561
444
1239
2081
2458
1831
1017
457
1964
1690
2618
1077
2796
62
894
2602
686
93
2296
205
2534
1120
1357
635
1421
2281
2028
2381
1397
2151
724
1537
186
2112
761
308
2372
1257
2157
1147
1197
1720
967
48
1355
1971
979
737
1690
1865
2982
469
481
